 n Pn(1) error v(n+1)-v(n)
 1   0.1000000000   0.0103329887
   0.0100000000
 2   0.1100000000   0.0003329887
   0.0003333333
 3   0.1103333333   0.0000003446
   0.0000000000
 4   0.1103333333   0.0000003446
   0.0000003333
 5   0.1103330000   0.0000000113
   0.0000000111
 6   0.1103329889   0.0000000002
   0.0000000002
 7   0.1103329887   0.0000000000
   0.0000000000
 8   0.1103329887   0.0000000000
   0.0000000000
 9   0.1103329887   0.0000000000
   0.0000000000
10   0.1103329887   0.0000000000
   0.0000000000
