 n Pn(1) error
 1   1.0000000000   0.0986122887
 2   1.0000000000   0.0986122887
 3   1.0833333333   0.0152789553
 4   1.0833333333   0.0152789553
 5   1.0958333333   0.0027789553
 6   1.0958333333   0.0027789553
 7   1.0980654762   0.0005468125
 8   1.0980654762   0.0005468125
 9   1.0984995040   0.0001127847
10   1.0984995040   0.0001127847
11   1.0985882824   0.0000240063
12   1.0985882824   0.0000240063
13   1.0986070624   0.0000052262
14   1.0986070624   0.0000052262
15   1.0986111314   0.0000011572
16   1.0986111314   0.0000011572
17   1.0986120290   0.0000002597
18   1.0986120290   0.0000002597
19   1.0986122298   0.0000000589
20   1.0986122298   0.0000000589
