 n Pn(1) error v(n+1)-v(n)
 1   1.0000000000   0.0986122887
   0.0958333333
 2   1.0000000000   0.0986122887
   0.0980654762
 3   1.0833333333   0.0152789553
   0.0147321429
 4   1.0833333333   0.0152789553
   0.0151661706
 5   1.0958333333   0.0027789553
   0.0026661706
 6   1.0958333333   0.0027789553
   0.0027549490
 7   1.0980654762   0.0005468125
   0.0005228062
 8   1.0980654762   0.0005468125
   0.0005415862
 9   1.0984995040   0.0001127847
   0.0001075585
10   1.0984995040   0.0001127847
   0.0001116275
11   1.0985882824   0.0000240063
   0.0000228491
12   1.0985882824   0.0000240063
   0.0000237466
13   1.0986070624   0.0000052262
   0.0000049666
14   1.0986070624   0.0000052262
   0.0000051674
15   1.0986111314   0.0000011572
   0.0000010983
16   1.0986111314   0.0000011572
   0.0000011438
17   1.0986120290   0.0000002597
   0.0000002462
18   1.0986120290   0.0000002597
   0.0000002566
19   1.0986122298   0.0000000589
   0.0000000558
20   1.0986122298   0.0000000589
   0.0000000582
21   1.0986122752   0.0000000135
   0.0000000128
22   1.0986122752   0.0000000135
   0.0000000133
23   1.0986122856   0.0000000031
   0.0000000029
24   1.0986122856   0.0000000031
   0.0000000031
25   1.0986122879   0.0000000007
   0.0000000007
26   1.0986122879   0.0000000007
   0.0000000000
27   1.0986122885   0.0000000002
   0.0000000000
28   1.0986122885   0.0000000002
   0.0000000000
29   1.0986122886   0.0000000000
   0.0000000000
30   1.0986122886   0.0000000000
   0.0000000007
